42
36
32
